تاريخ التقرير: 2025-05-03 04:31
symbol: EUR/USD
interval: 1 دقيقة
signal: شراء
points: 1.0
entry: 1.1308
tp: 1.1309714285714287
sl: 1.1307142857142858
res: 1.1310773714285718
sup: 1.1305226285714283
